1696875842
1699281061
1700663203
1703979296
1705098489
1705333233
1705354055
1706869246
1707163980
1707495940
1707757971
1708119911
1708162567
1708182061
1708261298
1708419155
1708430048
1708514560
1708808222
1709207108
1710088964
1710248860
1710963525
1711747828
1711798836
1711967459
1712076148
1712240798
1712914363
1715006945
1717595631
1725984383
1727700022
1728675800
1730815094
1731014282
1732112372
1732550030
1732791695
1736183107
1736373459
1736511846
1736889337
1736948499
1737738614
1738418156
1738944853
1739742438
1743165569
1743501586
1743595505
1743760636
1743768968
1744997861
1745423284
1745597881
1745945442
1746219301
1747933114
1748029958
1748383562
1748554476
